hour,total_demand,demand_n°1,demand_n°2,demand_n°3,demand_n°4,demand_n°5,demand_n°6,demand_n°7,demand_n°8,demand_n°9,demand_n°10,demand_n°11,demand_n°12,demand_n°13,demand_n°14,demand_n°15,demand_n°16,demand_n°17
1,2207.0,84.0,75.0,139.0,58.0,55.0,106.0,97.0,132.0,135.0,150.0,205.0,150.0,245.0,77.0,258.0,141.0,100.0
2,2207.0,84.0,75.0,139.0,58.0,55.0,106.0,97.0,132.0,135.0,150.0,205.0,150.0,245.0,77.0,258.0,141.0,100.0
3,2207.0,84.0,75.0,139.0,58.0,55.0,106.0,97.0,132.0,135.0,150.0,205.0,150.0,245.0,77.0,258.0,141.0,100.0
4,2207.0,84.0,75.0,139.0,58.0,55.0,106.0,97.0,132.0,135.0,150.0,205.0,150.0,245.0,77.0,258.0,141.0,100.0
5,2207.0,84.0,75.0,139.0,58.0,55.0,106.0,97.0,132.0,135.0,150.0,205.0,150.0,245.0,77.0,258.0,141.0,100.0
6,2207.0,84.0,75.0,139.0,58.0,55.0,106.0,97.0,132.0,135.0,150.0,205.0,150.0,245.0,77.0,258.0,141.0,100.0
7,2207.0,84.0,75.0,139.0,58.0,55.0,106.0,97.0,132.0,135.0,150.0,205.0,150.0,245.0,77.0,258.0,141.0,100.0
8,2207.0,84.0,75.0,139.0,58.0,55.0,106.0,97.0,132.0,135.0,150.0,205.0,150.0,245.0,77.0,258.0,141.0,100.0
9,2207.0,84.0,75.0,139.0,58.0,55.0,106.0,97.0,132.0,135.0,150.0,205.0,150.0,245.0,77.0,258.0,141.0,100.0
10,2207.0,84.0,75.0,139.0,58.0,55.0,106.0,97.0,132.0,135.0,150.0,205.0,150.0,245.0,77.0,258.0,141.0,100.0
11,2207.0,84.0,75.0,139.0,58.0,55.0,106.0,97.0,132.0,135.0,150.0,205.0,150.0,245.0,77.0,258.0,141.0,100.0
12,2207.0,84.0,75.0,139.0,58.0,55.0,106.0,97.0,132.0,135.0,150.0,205.0,150.0,245.0,77.0,258.0,141.0,100.0
13,2207.0,84.0,75.0,139.0,58.0,55.0,106.0,97.0,132.0,135.0,150.0,205.0,150.0,245.0,77.0,258.0,141.0,100.0
14,2207.0,84.0,75.0,139.0,58.0,55.0,106.0,97.0,132.0,135.0,150.0,205.0,150.0,245.0,77.0,258.0,141.0,100.0
15,2207.0,84.0,75.0,139.0,58.0,55.0,106.0,97.0,132.0,135.0,150.0,205.0,150.0,245.0,77.0,258.0,141.0,100.0
16,2207.0,84.0,75.0,139.0,58.0,55.0,106.0,97.0,132.0,135.0,150.0,205.0,150.0,245.0,77.0,258.0,141.0,100.0
17,2207.0,84.0,75.0,139.0,58.0,55.0,106.0,97.0,132.0,135.0,150.0,205.0,150.0,245.0,77.0,258.0,141.0,100.0
18,2207.0,84.0,75.0,139.0,58.0,55.0,106.0,97.0,132.0,135.0,150.0,205.0,150.0,245.0,77.0,258.0,141.0,100.0
19,2207.0,84.0,75.0,139.0,58.0,55.0,106.0,97.0,132.0,135.0,150.0,205.0,150.0,245.0,77.0,258.0,141.0,100.0
20,2207.0,84.0,75.0,139.0,58.0,55.0,106.0,97.0,132.0,135.0,150.0,205.0,150.0,245.0,77.0,258.0,141.0,100.0
21,2207.0,84.0,75.0,139.0,58.0,55.0,106.0,97.0,132.0,135.0,150.0,205.0,150.0,245.0,77.0,258.0,141.0,100.0
22,2207.0,84.0,75.0,139.0,58.0,55.0,106.0,97.0,132.0,135.0,150.0,205.0,150.0,245.0,77.0,258.0,141.0,100.0
23,2207.0,84.0,75.0,139.0,58.0,55.0,106.0,97.0,132.0,135.0,150.0,205.0,150.0,245.0,77.0,258.0,141.0,100.0
24,2207.0,84.0,75.0,139.0,58.0,55.0,106.0,97.0,132.0,135.0,150.0,205.0,150.0,245.0,77.0,258.0,141.0,100.0
