hour,total_supply,supply_n°1,supply_n°2,supply_n°3,supply_n°4,supply_n°5,supply_n°6,supply_n°7,supply_n°8,supply_n°9,supply_n°10,supply_n°11,supply_n°12,supply_n°13,supply_n°14,supply_n°15,supply_n°16
1,2207.0,106.4,106.4,217.63999999999996,0.0,0.0,108.5,108.5,280.0,280.0,210.0,217.0,245.0,120.54,115.52,53.34,38.16
2,2207.0,106.4,106.4,217.63999999999996,0.0,0.0,108.5,108.5,280.0,280.0,210.0,217.0,245.0,120.54,115.52,53.34,38.16
3,2207.0,106.4,106.4,217.63999999999996,0.0,0.0,108.5,108.5,280.0,280.0,210.0,217.0,245.0,120.54,115.52,53.34,38.16
4,2207.0,106.4,106.4,217.63999999999996,0.0,0.0,108.5,108.5,280.0,280.0,210.0,217.0,245.0,120.54,115.52,53.34,38.16
5,2207.0,106.4,106.4,217.63999999999996,0.0,0.0,108.5,108.5,280.0,280.0,210.0,217.0,245.0,120.54,115.52,53.34,38.16
6,2207.0,106.4,106.4,217.63999999999996,0.0,0.0,108.5,108.5,280.0,280.0,210.0,217.0,245.0,120.54,115.52,53.34,38.16
7,2207.0,106.4,106.4,217.63999999999996,0.0,0.0,108.5,108.5,280.0,280.0,210.0,217.0,245.0,120.54,115.52,53.34,38.16
8,2207.0,106.4,106.4,217.63999999999996,0.0,0.0,108.5,108.5,280.0,280.0,210.0,217.0,245.0,120.54,115.52,53.34,38.16
9,2207.0,106.4,106.4,217.63999999999996,0.0,0.0,108.5,108.5,280.0,280.0,210.0,217.0,245.0,120.54,115.52,53.34,38.16
10,2207.0,106.4,106.4,217.63999999999996,0.0,0.0,108.5,108.5,280.0,280.0,210.0,217.0,245.0,120.54,115.52,53.34,38.16
11,2207.0,106.4,106.4,217.63999999999996,0.0,0.0,108.5,108.5,280.0,280.0,210.0,217.0,245.0,120.54,115.52,53.34,38.16
12,2207.0,106.4,106.4,217.63999999999996,0.0,0.0,108.5,108.5,280.0,280.0,210.0,217.0,245.0,120.54,115.52,53.34,38.16
13,2207.0,106.4,106.4,217.63999999999996,0.0,0.0,108.5,108.5,280.0,280.0,210.0,217.0,245.0,120.54,115.52,53.34,38.16
14,2207.0,106.4,106.4,217.63999999999996,0.0,0.0,108.5,108.5,280.0,280.0,210.0,217.0,245.0,120.54,115.52,53.34,38.16
15,2207.0,106.4,106.4,217.63999999999996,0.0,0.0,108.5,108.5,280.0,280.0,210.0,217.0,245.0,120.54,115.52,53.34,38.16
16,2207.0,106.4,106.4,217.63999999999996,0.0,0.0,108.5,108.5,280.0,280.0,210.0,217.0,245.0,120.54,115.52,53.34,38.16
17,2207.0,106.4,106.4,217.63999999999996,0.0,0.0,108.5,108.5,280.0,280.0,210.0,217.0,245.0,120.54,115.52,53.34,38.16
18,2207.0,106.4,106.4,217.63999999999996,0.0,0.0,108.5,108.5,280.0,280.0,210.0,217.0,245.0,120.54,115.52,53.34,38.16
19,2207.0,106.4,106.4,217.63999999999996,0.0,0.0,108.5,108.5,280.0,280.0,210.0,217.0,245.0,120.54,115.52,53.34,38.16
20,2207.0,106.4,106.4,217.63999999999996,0.0,0.0,108.5,108.5,280.0,280.0,210.0,217.0,245.0,120.54,115.52,53.34,38.16
21,2207.0,106.4,106.4,217.63999999999996,0.0,0.0,108.5,108.5,280.0,280.0,210.0,217.0,245.0,120.54,115.52,53.34,38.16
22,2207.0,106.4,106.4,217.63999999999996,0.0,0.0,108.5,108.5,280.0,280.0,210.0,217.0,245.0,120.54,115.52,53.34,38.16
23,2207.0,106.4,106.4,217.63999999999996,0.0,0.0,108.5,108.5,280.0,280.0,210.0,217.0,245.0,120.54,115.52,53.34,38.16
24,2207.0,106.4,106.4,217.63999999999996,0.0,0.0,108.5,108.5,280.0,280.0,210.0,217.0,245.0,120.54,115.52,53.34,38.16
