hour,social_welfare,market_price
1,1.084239426e6,20.7
2,1.084239426e6,20.7
3,1.084239426e6,20.7
4,1.084239426e6,20.7
5,1.084239426e6,20.7
6,1.084239426e6,20.7
7,1.084239426e6,20.7
8,1.084239426e6,20.7
9,1.084239426e6,20.7
10,1.084239426e6,20.7
11,1.084239426e6,20.7
12,1.084239426e6,20.7
13,1.084239426e6,20.7
14,1.084239426e6,20.7
15,1.084239426e6,20.7
16,1.084239426e6,20.7
17,1.084239426e6,20.7
18,1.084239426e6,20.7
19,1.084239426e6,20.7
20,1.084239426e6,20.7
21,1.084239426e6,20.7
22,1.084239426e6,20.7
23,1.084239426e6,20.7
24,1.084239426e6,20.7
